   2.0000000e+00  -1.0559664e+00  -1.0649827e+00   1.1005145e+00   1.7219884e+00   1.0564914e+00  -9.8701810e-01   6.9984121e-01  -2.3106398e-01  -3.0393592e-01   8.3677715e-02
   2.0000000e+00   2.4318542e-01  -9.6927983e-01  -1.4780700e+00  -1.8825104e+00   1.5064116e+00   8.5646511e-01  -9.6372121e-03  -7.7923625e-01   1.6053170e-03   4.0235953e-01
   2.0000000e+00  -1.1107002e+00   8.4169882e-01   5.8444971e-01  -2.0663670e+00   1.8621839e+00  -5.8369113e-01   1.6819591e+00  -6.4677151e-01  -5.1194153e-01  -2.1820568e-01
   2.0000000e+00   4.5049092e-01  -8.1274228e-03  -1.3082234e+00  -1.1931170e+00   1.9057994e+00   1.8771241e-01  -1.2129679e+00   2.0824247e+00  -6.2849371e-01   2.2533940e+00
   2.0000000e+00   1.4167234e+00  -1.1826084e+00  -4.9701701e-02  -6.6163430e-01  -1.4007087e-01  -2.5197575e+00  -6.7810252e-01  -6.5999683e-01  -1.0335685e+00  -5.8130882e-01
   2.0000000e+00  -3.7248266e-02   3.2804133e-01  -2.2682602e-02  -1.5849319e+00  -1.2481644e+00   8.8468647e-01  -4.3870364e-02  -4.3653755e-01  -7.4618193e-01  -5.5339230e-01
   2.0000000e+00  -1.0000750e+00   4.9790215e-01  -2.1068871e-01   4.4315725e-01  -1.4813442e-01   5.8555373e-01   1.5598580e+00  -1.0999933e+00   1.0534750e+00   6.2199381e-01
   2.0000000e+00   6.5194593e-01   4.2519968e-01   9.7157062e-01   6.6190191e-01  -1.7981392e+00  -7.3834808e-01  -2.3374289e-01  -1.8641152e-01   1.1235487e-02  -6.8731386e-01
   2.0000000e+00   7.9200800e-01  -1.2494420e+00  -1.8684696e-01   1.6411484e+00  -5.6669443e-01  -5.9421682e-01   9.1755567e-02  -8.4778086e-01   1.0689409e+00  -1.8589882e+00
   2.0000000e+00   4.4596036e-02  -8.3165814e-01  -7.6117653e-01   1.1022038e+00  -9.2439563e-01   4.5378473e-02   1.9301748e-01   1.0286655e+00   1.4948752e+00  -1.2248415e+00
   1.0000000e+00   1.3682897e-01   7.6299511e-01   2.8551822e-01   8.1084122e-01  -1.2251420e+00   1.1332730e+00   2.5906805e-01   7.8827923e-01  -7.4826245e-01   2.5392620e-01
   1.0000000e+00  -8.4319680e-01  -7.9728530e-01  -3.3371469e-01   6.9806133e-02  -1.7738079e+00  -3.8757609e-01  -2.6298307e-01   1.9796117e-02   1.8740272e-01  -6.8797301e-01
   2.0000000e+00  -5.1124180e-01  -1.1879395e+00  -2.4395413e-01  -8.4488038e-01   4.7431840e-01  -1.6934752e+00   3.4432855e+00   1.0131494e+00   1.1945429e+00  -1.0218369e+00
   1.0000000e+00   6.8842254e-01   1.3068526e+00  -9.4289799e-02   5.5777183e-01  -5.5665933e-01  -4.6782807e-01  -1.7756430e+00   3.2094905e-01  -4.3487815e-01  -1.2209921e+00
   2.0000000e+00  -4.3555771e-02   4.9975628e-01  -2.0934856e+00   1.9537398e+00   1.9181352e-02  -3.8511462e-01   1.4251373e-01   6.3017214e-01  -1.1144171e-01  -8.6941386e-01
   2.0000000e+00   4.3862084e-01   4.1776314e-01  -5.7999447e-01  -4.4275492e-01  -7.2464528e-01  -4.1480599e-01  -1.4209125e-02   1.8689748e+00  -1.6915054e+00  -2.2953621e-01
   2.0000000e+00  -3.8385923e-01   1.7781985e+00  -1.1680288e+00  -8.0744653e-01   8.1449929e-01   5.2165819e-01   6.7467260e-02  -1.4096992e-01   1.0784288e+00  -1.9200354e-01
   2.0000000e+00  -8.1406139e-01  -5.8733064e-01   2.9624487e-01  -9.9685621e-01   8.6190488e-01  -2.4806963e-01  -3.2614996e+00  -1.2494507e-01   8.4919545e-02  -4.8853535e-01
   2.0000000e+00   1.5087773e-03  -1.9567323e-01   6.5243982e-01  -1.1243917e+00   1.5266076e+00  -2.9655332e-01  -1.1091677e+00  -3.1225451e-01  -9.0779210e-01  -9.5017916e-01
   2.0000000e+00  -1.4178324e+00  -3.7717639e-01  -2.0241280e-01  -6.5537437e-01  -8.9214548e-01  -1.0150085e-01  -3.9228304e-01  -3.2720659e-01  -1.1485901e-01   2.8523260e-01
   2.0000000e+00   4.3731722e-01   7.9297052e-01   1.0777430e-02  -7.9816168e-01   1.4100151e+00  -6.4195503e-01   1.2884629e+00  -1.2936092e+00   9.2408305e-01   9.4152867e-01
   2.0000000e+00   9.8173286e-01  -9.3619047e-02  -8.1110328e-01  -2.4859968e-02  -4.9262400e-01   1.7948323e-01  -7.4913540e-01  -1.7418164e+00   5.0749839e-01   4.3157323e-02
   2.0000000e+00  -6.4593815e-01   3.3802155e-01  -4.3697459e-01   5.4799814e-01   7.0843217e-01   1.6193221e+00  -1.5650864e+00  -5.7936290e-01  -1.0231791e+00  -5.8596350e-01
   2.0000000e+00   6.1860096e-01   1.0641348e+00  -1.2593520e-01  -1.1829969e+00   4.8053720e-01  -1.6622718e+00   1.2439009e+00  -2.2187250e-01   8.3579862e-01   9.0638828e-01
   2.0000000e+00  -5.9097649e-01   1.0373373e+00  -1.2306220e+00  -3.7079650e-01  -8.6037529e-01   1.4551544e+00   1.1517496e-01  -9.7821901e-01  -1.8937660e+00  -6.5460934e-01
   2.0000000e+00   3.7650987e-01   1.9183638e-01  -1.0606695e+00   1.3650497e+00   2.3189482e-01   1.0594035e+00   1.9996868e+00  -9.7250889e-01   1.0135039e+00  -3.4618042e-03
   2.0000000e+00  -1.5887951e-01   1.0264556e+00   1.0096758e+00   2.3667327e-01   8.9354471e-01   4.6175738e-01   1.9962004e-02  -5.4444335e-01   3.4078374e-01  -1.2998187e+00
   2.0000000e+00  -1.6962297e+00  -1.4935480e+00   6.2717092e-01  -8.8029241e-01   5.3272115e-01   1.2634412e+00  -1.1549502e+00   1.5903507e+00   2.3221486e+00  -5.5798304e-01
   1.0000000e+00   1.1320884e+00  -1.7259612e-01   9.9046463e-01   3.5621850e-01   5.7091342e-01  -1.0672428e+00   3.8091240e-01   8.9865755e-02  -1.8361045e-01  -1.9100291e+00
   1.0000000e+00   4.7768318e-03   3.0418750e-01  -1.8297439e-01   1.4291005e-01  -4.3098387e-01  -2.1310097e-01   1.8374314e-01   1.3156412e-01  -1.5443711e+00   1.1406576e+00
   2.0000000e+00   1.2439597e+00  -9.7781326e-01   1.5155012e+00   1.0968253e-01   9.4794443e-01  -1.0718484e+00   1.7872353e+00  -1.4036245e-01  -3.4097051e-01  -2.2829492e-01
   2.0000000e+00   1.3017265e+00  -1.1726627e+00  -5.6163155e-01  -9.8932230e-01  -2.7060088e-01   6.5383971e-01  -1.0157172e+00  -1.2747805e+00  -5.6268055e-01   1.0964055e+00
   2.0000000e+00   1.7117184e-01   9.7691548e-01   3.6820114e-01  -7.0812455e-01   3.2028545e-01   1.4005275e+00   6.6226029e-01  -1.7374641e-02   2.1226435e+00  -4.3607169e-01
   2.0000000e+00   1.3953111e+00   7.9946580e-01   4.3365051e-01  -1.0268289e+00   7.6701745e-01   2.0648437e-01  -2.3851840e+00  -6.7254243e-01  -3.8827097e-01  -2.0364902e-02
   2.0000000e+00  -4.3617547e-01  -2.4216386e-01   4.0000278e-02  -5.3983168e-01  -7.3117206e-01  -2.8094984e-01  -8.1721574e-01  -1.7511165e+00  -8.9941517e-01  -1.0873996e+00
   1.0000000e+00  -7.9503498e-01   8.2769873e-02  -3.0013564e-01   2.1253327e+00   6.0245865e-01  -3.4728019e-01   9.4089886e-01   4.3341550e-01  -3.1874233e-01  -2.1073048e-01
   2.0000000e+00  -1.1337020e+00   3.1745166e-01  -1.6191868e+00   2.9061709e-01   8.2827524e-02   7.8011822e-01  -2.8706202e-02   4.2073917e-01   1.9758505e-01   4.1868118e-01
   2.0000000e+00  -7.8958003e-01  -6.3563030e-01   3.7058057e-01   8.4289479e-01   1.8774847e+00  -1.7190333e-01  -1.7598260e+00  -3.8060072e-01  -1.5799622e+00   1.4872444e+00
   2.0000000e+00  -1.5853578e+00   5.0731746e-01   6.8886944e-01   5.0029387e-01  -9.4008028e-01   1.6660096e-01  -1.6194297e+00  -3.5455767e-01   1.6735825e-01  -1.1393299e+00
   2.0000000e+00   1.0754302e-01  -6.2913529e-01   9.3034298e-01  -1.9893595e+00  -1.0398782e+00  -1.5443175e-02  -1.5513987e+00   7.1293264e-01   1.1248367e+00   4.9614081e-01
   2.0000000e+00  -2.9314857e-01   1.0083133e-01   1.4075368e+00   1.5643572e+00  -1.1743794e+00  -1.3810546e-01   3.0536295e+00   5.4116496e-01  -2.8943698e-01   3.7184977e-02
   2.0000000e+00  -8.7036620e-01   1.2279632e-01  -2.4266992e+00   5.2261084e-01  -5.1421074e-01  -4.4584033e-01   2.2285116e+00  -9.0727114e-01  -3.4264160e-01   7.2540344e-01
   2.0000000e+00   2.2734066e-01  -1.8765509e-01  -2.1477421e-01   4.2185344e-01  -4.0243477e-01  -1.5198413e-01  -4.0842291e-01   1.4819078e+00   5.9913136e-02   1.6593763e+00
   2.0000000e+00  -6.8391150e-02   4.4982008e-01   1.1232763e+00  -3.4194145e-01   1.6733667e+00  -9.8387591e-02   2.0753690e-01  -1.2881859e+00  -7.2118338e-01  -9.4070261e-01
   2.0000000e+00   3.1341189e-01  -1.8479775e+00  -1.2027063e+00   1.6182953e+00   1.8740911e+00  -4.8172339e-01  -2.2211986e-01   4.0767416e-01   2.0444793e+00   2.3888775e-01
   2.0000000e+00  -3.8932791e-01   3.0864294e-01   5.8269750e-01   1.4512683e+00   3.9478033e-01  -2.9628931e-01   5.2782810e-01   9.9477373e-01  -5.9720237e-01   1.2799561e+00
   2.0000000e+00  -9.3402467e-01   1.3471826e+00  -6.6619711e-01   6.3279720e-02   8.5408449e-01   1.4443731e+00  -1.9626756e+00   1.0406769e+00   9.6932865e-01   1.1080792e+00
   2.0000000e+00   1.0355386e+00  -1.8552501e-01   2.6173667e-01  -1.8403153e+00  -9.2099152e-02  -1.6862827e+00  -1.0378455e+00  -1.0163802e+00  -4.1087945e-01  -2.7364986e-02
   1.0000000e+00  -5.6386450e-01   1.6285890e-02   5.3158182e-01  -6.4091451e-01  -6.6971445e-01   1.6899576e+00   2.5834130e+00   1.7290150e-01   1.3640347e+00  -3.7133089e-01
   1.0000000e+00  -9.5409528e-02  -2.4293941e-01   2.1495896e-01  -2.1041286e+00   1.4375715e+00   9.4195116e-01   2.3098013e-01   6.1582265e-01  -1.1623180e+00   1.5249779e+00
   2.0000000e+00   2.1251792e-01   7.8617881e-02   2.5004609e-01  -1.2051440e+00   7.3303347e-01  -1.2219277e+00  -4.0939506e-01   1.2321303e+00   1.1168750e+00  -4.9919250e-01
   2.0000000e+00  -7.0430663e-01  -8.8437976e-01   1.9557306e+00  -2.7717988e-01  -1.9819445e+00  -4.6008964e-02   3.4631525e-01   1.1921944e+00   1.8638509e+00   2.4081988e-01
   2.0000000e+00  -1.5047157e-01  -6.3426038e-01  -1.4999410e+00  -5.6895723e-02  -3.1036660e-01  -3.5760411e-01   3.9157377e-01  -2.6171574e-01  -6.4248768e-01   2.8163827e-01
   2.0000000e+00  -1.8720810e-01  -2.1015475e+00   1.5177080e-01  -6.3300407e-01  -1.2608563e+00   1.3710638e+00   1.3295143e+00  -4.1895858e-01   5.4444120e-01   7.1033652e-01
   1.0000000e+00   1.3844529e+00   1.3206573e-01  -4.1506596e-01  -1.1021211e+00  -8.4163689e-02  -4.8311089e-01   1.0063540e+00   7.3747022e-01   1.1050307e+00   5.6150362e-01
   2.0000000e+00  -6.1143296e-01  -3.8829261e-01  -6.4317305e-02  -3.3055478e-01   5.5446160e-01  -2.8576337e-01  -1.5847062e+00  -8.1941634e-01   1.5304922e+00   5.9160947e-01
   1.0000000e+00   6.5571451e-01  -2.0791591e-01  -5.7866077e-03   9.5791060e-01   6.8501707e-01   2.8966758e-01   1.0361338e-01   6.4839742e-01   1.0725728e+00  -2.0917491e-01
   2.0000000e+00  -1.6359946e+00  -1.8049967e+00   3.5831976e-01  -2.2577377e+00  -1.1576180e+00  -4.4579419e-01   7.9355895e-01   1.5506944e+00   3.3473744e-01  -7.4776711e-01
   1.0000000e+00   4.5386396e-01   5.3544859e-02   1.7112753e-01   2.8745726e-01  -7.5835267e-01   5.2726097e-01   1.8027317e-01   1.1012058e-01  -1.0914906e+00   1.1804605e+00
   1.0000000e+00   1.5172932e-01   4.8468849e-01  -4.2519607e-01   4.2516743e-01   4.3069766e-01  -1.5676900e-01   4.4659444e-01   3.3242910e-01  -1.2242722e+00  -1.3544948e+00
   2.0000000e+00   7.5542153e-01   9.9952399e-01  -1.3071223e+00   7.7002375e-01   8.5179645e-01   1.8561483e-01  -4.7437858e-01   4.8059137e-01  -1.2182813e+00   1.8965960e+00
   1.0000000e+00   1.5917665e-02  -8.0815113e-01   1.9994755e-01   1.8199654e+00  -6.7836433e-01  -3.4628846e-01   3.7405834e-01   5.4416085e-01   6.0723909e-01  -2.9503416e-01
   2.0000000e+00  -3.3000639e-01   2.9386590e-02   1.2553646e+00  -1.2381070e+00   6.0654643e-01  -1.3009458e+00   4.1959676e-01  -9.7908491e-01  -7.2146330e-01  -1.2112983e+00
   2.0000000e+00  -3.2781242e-01  -9.2106608e-01   1.0033849e-01  -1.9635846e-01  -6.0715488e-01   8.8087509e-01   7.7122961e-01  -2.3385285e-01   1.4088025e+00   9.1824637e-01
   1.0000000e+00  -2.3525526e-01   4.8360483e-01   4.7508716e-01   2.9172632e-01  -2.7162401e+00  -1.8234673e+00   1.8216538e+00   1.8737957e-02  -1.7653850e+00  -6.7395001e-02
   2.0000000e+00  -6.0524005e-01  -2.9497130e-01  -2.0657827e+00  -8.5411169e-01  -1.1350948e+00  -8.4474009e-01  -6.6415199e-01  -1.0717270e+00   4.6959576e-01   6.8836812e-01
   2.0000000e+00   1.2220086e-01   6.0600470e-01  -7.8215703e-01   2.8815100e-01   4.0207437e-01  -4.7626629e-01  -1.6851243e+00  -1.4846131e+00  -4.5923672e-02  -1.2078650e+00
   2.0000000e+00  -1.0157800e-01  -8.2045356e-01  -2.2954951e+00  -2.8226442e-01   1.0813807e+00   1.3794288e+00   8.2712685e-01  -4.6640966e-01   1.3331862e+00   2.0231027e-01
   1.0000000e+00   1.1061316e+00   1.0359117e+00   4.3854335e-01   2.5106251e-01  -1.4007416e+00   2.1475853e-01  -4.8066327e-01   8.7351827e-01  -2.1796595e-01   6.6170807e-01
   2.0000000e+00  -1.6956899e+00  -6.2755186e-01  -1.7601902e-01  -3.7867190e-01   7.8247591e-01  -1.6305651e+00  -1.0489272e-01  -1.9020853e+00  -7.7755698e-01   1.8177930e-01
   2.0000000e+00   6.2782218e-01   6.9515447e-01  -6.2096546e-01  -7.5946556e-01  -2.1607757e-01  -1.6434094e+00  -4.5747553e-01  -1.2423888e+00   1.1398774e+00  -1.0034532e+00
   2.0000000e+00   4.5099491e-01   3.8761165e-02  -1.5548606e+00   5.5763400e-01   2.0146960e-01   1.1592144e+00   3.3105923e-01  -1.1645234e+00  -6.7151405e-01  -1.5658078e+00
   2.0000000e+00   1.9638222e-01   2.6494092e-01  -1.8391137e-01   7.3915310e-01  -3.4337758e-01   3.3156287e-01   1.0744775e+00  -1.5676564e+00  -1.1542939e+00  -4.3125514e-01
   2.0000000e+00  -4.0229817e-02   9.1123494e-01   1.9197844e-01   1.2432068e-01  -1.4934134e+00  -7.5150269e-01  -2.7114538e-01  -3.6703092e-01   1.9046925e+00  -2.6176817e-01
   2.0000000e+00  -1.3593827e+00  -3.7641391e-01   2.0261476e+00   5.4404550e-01   1.3378190e+00  -5.5533234e-01   2.2720519e-01  -2.7797634e-01   1.6064038e+00   4.9601841e-01
   2.0000000e+00  -9.2158522e-01  -2.2204010e+00   1.0022993e+00  -7.3532842e-01   1.4055581e+00  -9.2973321e-01  -1.0228408e+00   5.4753812e-01  -1.5743329e-01  -9.3167677e-01
   2.0000000e+00   2.0124198e-01  -9.5722836e-01  -1.1564160e+00  -1.1247960e+00   1.9434188e+00  -1.3829901e+00  -7.0010330e-01   8.9654578e-01   3.6021451e-01  -9.8541636e-01
   1.0000000e+00   1.5884782e+00  -1.2050503e+00   2.4534464e-01  -7.3859853e-01   6.9322775e-01   1.9131905e+00   1.4506190e+00   4.4756958e-01   2.1540815e-01   7.7443811e-01
   2.0000000e+00  -6.8758920e-01   4.2502043e-01  -4.0278943e-01  -4.8519294e-01  -4.6831699e-01   2.2089769e+00   1.5385826e-01  -1.8079197e-01   8.0706768e-01   7.8618347e-01
   2.0000000e+00  -9.5005644e-01  -8.0957113e-01   9.0319034e-01  -6.0137348e-01   2.8286621e-01  -4.8455662e-01   1.4874788e+00  -6.0702374e-01   6.4055291e-01  -1.1146627e+00
   2.0000000e+00  -8.1502971e-01  -1.1964029e+00   1.5139703e+00  -4.7333241e-01  -1.2210373e-01  -4.4366195e-01   1.6020027e+00  -2.7902268e-01   6.7788296e-01  -9.3314694e-01
   2.0000000e+00  -1.3816304e+00   1.2667021e+00   1.7383534e+00  -4.1198546e-01  -5.4786430e-01   1.2017342e+00  -2.1542902e-01   6.4526209e-02   1.7595649e+00   2.1252876e-01
   2.0000000e+00  -5.0718565e-01  -1.4625359e+00   1.3653723e+00  -5.9529733e-01  -6.9652266e-01   3.6209411e-01  -1.3777632e+00   8.2587040e-01  -7.7445926e-01  -2.2457170e+00
   2.0000000e+00   1.2972685e+00   5.1363014e-01  -1.2293512e+00  -2.3831152e+00  -4.0876181e-01  -2.7012944e-02  -1.5473640e+00   1.2598667e-01   3.4849992e-01  -4.2797922e-01
   1.0000000e+00   1.2978256e+00   7.3689243e-01   6.5275256e-01  -3.3282790e-01   9.0531505e-01   9.1401832e-01  -2.2411516e-01   3.1994471e-03  -3.0396888e-01  -1.2522562e+00
   2.0000000e+00   6.3865223e-01   2.6466565e-01  -1.5343481e+00   7.3081435e-01  -4.9923525e-01  -9.4315290e-01  -7.5831597e-02   5.4142396e-01  -6.0601445e-02   1.1622822e-01
   1.0000000e+00   9.8189379e-01  -6.8607814e-01   4.9703496e-01  -1.3915274e+00   1.4945935e+00   5.9466079e-01   1.0310648e+00   4.3548537e-01   1.3518356e+00  -1.4818467e-02
   2.0000000e+00  -1.5998920e+00  -6.9592887e-01  -9.8452586e-01  -1.7936292e+00   9.3922750e-01   4.4747610e-01  -1.3932424e-01   1.2416304e+00  -9.0048939e-01   3.4091133e-01
   2.0000000e+00  -3.2966062e-01  -5.7140996e-01  -9.5544653e-01  -1.0348560e+00  -1.1081747e-02   2.1277548e-01   3.8706944e-01  -3.2540853e-01  -4.3381805e-01  -2.3307976e-01
   2.0000000e+00  -6.6405033e-01  -1.1515401e+00   4.8725939e-01   2.6671978e+00  -1.3509623e+00  -3.8030882e-01   8.9718070e-01  -9.2658195e-01  -3.3301732e-01  -5.1214249e-01
   2.0000000e+00   9.3551961e-01   1.5785495e+00   4.7404881e-01  -9.0976964e-02  -1.1096041e+00  -7.4128853e-01   1.0386349e-01  -3.4615221e-01  -7.8689866e-01   1.5620674e+00
   2.0000000e+00   1.0698452e+00   7.9922861e-01  -9.7065155e-01   2.5095485e-01   1.2465094e-01  -2.7417952e-02   1.2564709e+00  -1.3446582e+00   7.7639966e-01   3.9276129e-01
   1.0000000e+00   1.3464276e+00   5.1376016e-01   3.8281340e-02  -5.0204772e-01  -7.6340319e-01  -1.6895352e-01   9.3209100e-01   5.7785842e-01  -1.9564181e+00   2.8420313e-01
   2.0000000e+00   1.3599725e+00  -1.4350617e-01   1.0633504e+00  -4.3286413e-01  -7.5850091e-01   2.2447613e+00  -3.4105101e-01  -1.0446477e+00   5.8661986e-01   1.1466282e+00
   2.0000000e+00   1.1548751e-01  -3.1842540e-01   1.0022862e+00   8.6171297e-01   9.9744499e-01  -3.9853224e-01   6.5762385e-01  -1.2530922e+00  -2.1493718e+00  -1.5266784e+00
   2.0000000e+00  -7.2092704e-01   1.1918712e+00  -2.5801137e-01  -8.1771758e-01  -1.5319425e+00   7.8173527e-01   1.6867775e+00  -4.1311409e-01   4.6183341e-01  -3.8293975e-02
   2.0000000e+00  -9.9123212e-02   1.1284727e+00  -4.2967058e-01   1.0374619e+00   4.5702786e-01   1.3582604e+00   1.5809635e+00  -2.4279648e+00  -6.1306724e-01   1.4099339e+00
   2.0000000e+00  -1.1096104e+00   1.3959908e-01   9.8515562e-01  -5.2139906e-01   1.1401509e+00  -7.7735910e-01   3.6304482e-01  -4.8087165e-01   1.2036306e+00   1.5212814e+00
   2.0000000e+00  -2.4197158e-01   5.5186926e-01   8.2539898e-01  -2.1371185e-01   4.6876953e-02  -4.0904315e-02  -1.2754341e+00  -7.5635899e-01   5.9906256e-02   4.0256285e-01
   2.0000000e+00   1.1523359e+00   4.7179006e-01   2.3648730e-01   9.9763937e-02   2.8238610e+00  -7.3591410e-01  -6.8315905e-01   1.3914399e+00   7.7333874e-01  -1.1363690e+00
   2.0000000e+00  -1.2692341e-01   9.5143785e-01  -5.8327935e-01  -1.2217099e+00  -5.8752349e-01  -1.5641232e+00  -3.0087023e-02  -1.0893931e+00   3.6871089e-01   1.7110583e+00
   2.0000000e+00   1.2612922e+00  -1.2261383e+00  -5.4478339e-01   1.4090512e+00  -1.3725152e+00   8.4239982e-01   3.1175621e-01  -4.6501379e-02  -8.4695238e-01   5.3271176e-02
   1.0000000e+00  -1.2307180e-01   9.9693690e-02  -8.7999037e-01   1.7615417e+00   4.4237469e-02   1.0496565e+00   1.0513647e+00   3.1577462e-01  -7.9731334e-01  -6.9065729e-01
   1.0000000e+00   5.0103220e-01  -1.1210915e+00   5.0494695e-01   1.4505534e+00   1.2117384e+00   7.6656873e-01   1.4659614e+00   7.1185183e-02  -8.3590234e-01   1.0756373e+00
   2.0000000e+00   1.1484549e+00   8.5172017e-01   1.1109153e+00  -3.7966479e-01   9.8078281e-01  -1.9695660e+00   1.4890840e-01  -8.8272708e-01  -1.0362654e-01   2.7848126e-01
   2.0000000e+00   1.2124836e+00   5.7465586e-01   2.3908502e-01   6.7177167e-01  -3.3921344e-01   1.4745138e+00  -3.1479933e-02  -9.3588080e-01   2.9078195e-01  -1.1695350e+00
   1.0000000e+00   2.2804066e-01   2.3697730e-01  -6.2158517e-02   1.6367761e-01   6.9647992e-01  -4.5186825e-02   1.0155459e+00   5.7947724e-01   2.0542383e-02   2.6481193e-01
   2.0000000e+00   4.7466540e-01  -6.4417661e-01   2.0074207e+00   7.1360209e-01   5.7182904e-01  -1.4694460e+00  -1.6375920e+00   3.2026547e+00   9.7447738e-01   8.9557661e-02
   2.0000000e+00   5.8125024e-01  -1.8152148e-01   1.1053189e+00   4.6484651e-01  -1.1298677e+00  -1.3560919e-01   2.0389430e+00  -2.0004122e-01  -3.9804922e-01  -9.2211383e-01
   2.0000000e+00   3.2784996e-01   1.7363952e+00   2.0364627e+00   8.7934165e-01   2.7806267e-01   2.7528731e-01  -6.7278907e-01   7.6616197e-01   5.1954458e-01   1.3388709e-01
   1.0000000e+00  -1.2893298e+00  -1.6489635e+00   2.2944913e-01  -1.0210693e+00  -4.4203387e-01  -1.5626507e+00  -5.2945962e-01   8.4537098e-01   1.0151010e+00  -8.6591306e-01
   2.0000000e+00   1.0747843e+00  -2.3337122e+00   3.9448354e-01  -1.2664489e+00   2.3394163e-01  -1.1160202e+00  -1.4816732e+00  -2.5463890e-01   9.4923410e-01   4.4572593e-01
   2.0000000e+00  -9.9101520e-01   1.1977667e+00  -4.2142511e-01   1.0389810e+00  -2.9246072e-01  -1.7039546e+00  -1.6413885e+00  -5.6894903e-01  -1.3036422e-01  -1.1356193e+00
   2.0000000e+00   1.3191658e+00  -2.0508707e-01  -1.5364175e+00  -2.3572771e-02  -1.5921489e+00   2.0936006e-01   7.8807623e-01   4.4133591e-01   1.5801337e-01   6.4125597e-02
   2.0000000e+00   3.9333855e-01   1.7369334e+00   8.2056971e-01  -1.1589227e+00  -6.8021199e-01   1.5744523e+00   8.4879489e-01   7.9751766e-01   8.0370592e-01   5.2641944e-01
   2.0000000e+00   3.8523259e-01  -9.5537435e-02  -1.5612525e-01   3.2288189e-01  -3.7759138e-01   1.5124937e+00   6.3954837e-01  -4.4707445e-01  -4.0578287e-01  -4.4169221e-03
   2.0000000e+00   5.4697193e-01  -2.1517190e+00  -1.0644015e+00  -2.4892517e-01  -1.3905346e+00   1.7650625e+00  -6.7329511e-01  -6.5526363e-01   9.2287612e-01   9.4818508e-01
   1.0000000e+00   1.1247633e+00   6.2739448e-01  -2.8083859e-01  -3.9792576e-01  -7.9094757e-02   2.4011019e-01   5.9842092e-01   4.5235820e-01  -1.8686490e+00   1.7938116e+00
   2.0000000e+00  -1.4072355e+00   2.9522121e-01  -2.5363585e-01   6.6998587e-01   7.2589443e-01   1.9891753e+00  -6.5634247e-01  -5.4019370e-01   1.0710981e+00  -1.4163835e+00
   2.0000000e+00  -3.6496946e-01   1.2958476e+00  -1.9737688e+00  -6.0513364e-01  -1.2084202e+00  -3.9102524e-01   5.3448151e-01   1.1896085e+00  -1.3424541e+00  -2.9592422e+00
   2.0000000e+00  -6.4720615e-02  -9.1054501e-03   3.7011084e-01  -6.8685848e-01  -1.0502142e+00  -2.5495034e-01   8.1342281e-01  -9.0716098e-01   1.2880476e+00   1.3850148e-01
   2.0000000e+00  -1.6177411e+00   7.3262126e-01  -2.8802515e-01  -9.0901426e-01  -8.2131850e-01   5.6126569e-01   4.0696996e-01   1.6490108e+00  -9.5497690e-01  -2.1117754e+00
   1.0000000e+00  -8.7782775e-01   1.3439365e+00  -1.0789790e-01  -6.4539245e-01  -6.5690314e-01   7.6759906e-01   1.6613299e+00   6.9545812e-01   1.3271266e+00   1.9689031e-01
   1.0000000e+00   6.7047792e-01   1.3046628e-02   2.7750728e-01   4.6823470e-01   8.5484130e-01   3.3176091e-01   8.6037556e-01   2.2816061e-01   2.6082628e-01   8.3399783e-01
   1.0000000e+00   1.3468495e-01   4.8121966e-01  -6.4709559e-02  -5.2616512e-01   1.7509815e-02   1.7249444e-01  -2.1550131e-01   3.3195387e-02  -1.5653613e-01  -8.4721544e-01
   1.0000000e+00   7.2057442e-01   3.9109901e-01   6.0623126e-01   1.0305649e+00   1.6611658e+00   7.3980169e-01  -1.6146607e+00   2.7347621e-02   1.1143182e+00  -4.3409301e-01
   1.0000000e+00  -3.5795383e-01  -1.4370049e+00  -1.4356709e-02   5.5885271e-01  -4.7399364e-01   1.7817148e+00   1.3049483e+00   6.8733020e-01  -1.9654546e+00   1.1048906e+00
   2.0000000e+00   3.0600716e-01  -9.3255791e-01  -3.4443352e-01  -2.0765067e+00   1.8593243e+00   1.5169175e+00   1.1893544e+00  -8.3375674e-01  -9.5626963e-03   1.5142079e+00
   2.0000000e+00   8.5856223e-01  -1.0932624e+00   9.0505423e-01  -1.0225984e+00  -1.4565699e+00  -7.4710658e-01  -1.2261623e+00   9.1169243e-01   4.0048454e-01   3.2308586e-01
   2.0000000e+00   2.0708047e+00  -2.0679258e+00  -5.6681578e-01   2.4533776e-01  -1.8433510e+00   2.6317910e+00  -2.7742314e+00   1.2066100e+00   2.4434985e-01  -1.0619446e+00
   2.0000000e+00   2.5723297e-01   8.8289138e-01   1.8126494e+00  -1.1546617e+00  -1.0456987e+00  -6.6251372e-01   5.5003327e-02  -6.6930407e-01  -2.0950753e-01  -5.5695001e-02
   2.0000000e+00  -5.6922950e-01  -2.4408695e+00   1.8039078e-01   2.0514364e+00   1.7208868e+00   8.4422545e-01   1.0651839e+00  -2.8008805e-01   8.9056063e-01   7.7433736e-01
   2.0000000e+00  -7.1658225e-01   1.0131718e+00   6.2001926e-01   1.5008336e+00   5.8195267e-01   1.8275595e+00   2.5035564e+00   1.0037563e+00  -2.4567989e-01  -2.1056544e-01
   2.0000000e+00   8.0901724e-01  -5.4662962e-01   2.4139195e-01   4.2152452e-01  -6.4361321e-01   9.3686147e-01  -3.1640931e-01   1.0592336e+00  -7.6753109e-01  -7.7149237e-01
   1.0000000e+00   3.2577215e-01  -1.1661807e+00  -5.5820392e-01   1.0265520e+00   5.3956620e-01   4.5271754e-01  -5.0749968e-01   5.0214104e-02   2.7201701e-01  -1.3914715e+00
   2.0000000e+00  -7.2217068e-01  -8.9662359e-01  -1.2336008e-04   8.7660931e-02  -1.1250259e+00  -6.2017781e-01   5.3764893e-01  -1.6594944e-01   9.1913966e-01  -4.3686663e-01
   1.0000000e+00  -4.2498150e-01   6.6306208e-01  -4.0758386e-01  -8.2826297e-01  -5.5554676e-01  -3.1162095e-01  -4.3592944e-01   5.5129751e-01   1.1180878e+00  -3.3179108e-01
   2.0000000e+00   1.9010059e-01  -1.3283583e+00  -1.3997389e+00   5.7898098e-01  -1.0509528e+00  -6.7837296e-01  -5.4725887e-01   4.5371921e-01  -2.2518534e+00  -1.7394648e+00
   2.0000000e+00  -1.0467266e+00   4.8818558e-01   3.0125493e-01   1.2325599e+00   1.5200201e+00  -1.1727531e+00  -1.5272950e-01   1.0504961e+00   2.6448702e-01  -1.0821125e+00
   2.0000000e+00   1.1174395e+00   1.3932689e+00   2.1319736e+00   8.9298634e-02   3.4291791e-01   9.8441804e-01  -5.4899227e-01  -6.9368030e-01   6.8408068e-01  -6.6599910e-01
   2.0000000e+00   1.4951471e+00   4.2310251e-01   9.6705915e-01  -1.1981012e-01   2.5844730e+00   1.0287083e+00   8.7463834e-01   7.1293864e-01  -5.9724449e-01  -2.0521374e+00
   2.0000000e+00   5.8010955e-01   5.9338061e-01   1.2676364e+00  -1.0606099e+00  -2.3690905e+00  -4.6785982e-01  -6.7560899e-01   6.4489661e-01   3.9731070e-01   5.2141176e-01
   2.0000000e+00   1.3544087e+00   3.7708331e-01   1.1997242e+00   2.4296756e-01  -5.5836687e-01   6.2175002e-01  -1.0043095e-01   5.3008782e-01  -3.3120055e-01   6.9411578e-02
   2.0000000e+00   7.9553526e-01   6.2154750e-01  -4.6490164e-01   5.0826862e-01  -1.2194420e+00  -1.5703428e+00   3.8460477e-01  -1.5089301e+00  -2.1271752e+00  -1.0112400e+00
   2.0000000e+00   8.9263956e-01  -1.7986323e+00  -8.7235306e-01  -3.1262483e-01   3.0918843e-01   1.0934735e-02  -4.5426252e-01  -1.9780956e-02  -5.9238944e-01   3.7842889e-01
   1.0000000e+00  -3.4814621e-04   1.9907643e-01  -6.5171771e-01  -3.2793214e-01  -1.8655513e+00   7.2412966e-01  -4.0840264e+00   2.3639350e-01  -3.6410380e-01   5.0169189e-01
   2.0000000e+00  -6.1997869e-01   1.4540032e+00  -5.3733531e-01  -4.4290029e-01   8.1648533e-02   6.8165439e-02   2.8529989e-01   1.2633706e+00  -1.0828732e-01  -3.2348716e-01
   1.0000000e+00   9.7331204e-01  -1.0376556e+00   6.6160699e-01   2.0907502e+00  -1.4270344e+00  -2.8025375e+00  -5.8543807e-01   2.2966627e-01  -5.7853018e-01  -6.5731267e-01
   2.0000000e+00   1.7378678e+00  -9.5406111e-01  -9.0834730e-01   3.7117840e-01  -3.7480733e-01  -2.3239618e-01   5.5504360e-01   5.6363444e-01  -3.8749952e-01   1.1765102e+00
   2.0000000e+00  -1.5511169e+00  -7.0080317e-01   5.4739996e-01  -7.1888987e-02   4.8341554e-01  -1.9629663e+00  -1.4523977e-01  -2.5911656e-02  -6.2941596e-01   8.4526230e-01
   2.0000000e+00   1.3479513e-01   6.3156906e-01  -4.1091974e-01  -7.6263692e-01   8.7095630e-02  -1.9982596e-01  -5.1933265e-01  -6.4874069e-01  -5.1796719e-01  -1.3001674e+00
   2.0000000e+00   7.8807890e-01   1.5731769e+00  -1.1923195e+00   1.2698230e+00  -1.2789697e-02  -1.5559590e+00   1.1067025e+00   9.7022142e-01  -8.4189013e-01  -6.1126700e-01
   1.0000000e+00   9.9342268e-01  -5.2245317e-01   4.0284418e-01   1.7043471e+00  -6.0635609e-02  -3.0803602e-01   4.5390418e-01   5.8430195e-01   5.1619580e-01  -1.2202126e+00
   2.0000000e+00  -4.2159419e-01  -1.1646143e+00   8.7297954e-01   1.0030406e+00  -2.7529019e-01   1.7996878e+00   1.0514988e+00  -9.0087656e-01   5.5438079e-01  -5.7201853e-01
   2.0000000e+00   4.1129547e-01  -3.9956639e-01  -1.1756848e-01   1.7974991e-01   5.8296295e-01  -1.6550700e+00  -2.2704708e+00  -8.7485946e-02  -2.6183747e-03  -1.8358165e+00
   2.0000000e+00   2.8439016e-01  -1.1172419e+00   4.3252152e-01   1.6106485e+00  -1.5065037e+00  -7.4901107e-02   1.1572420e+00   1.7402097e+00   1.1883035e+00   1.1153701e+00
   2.0000000e+00  -1.3161774e+00   1.7027409e+00  -1.6141209e+00  -4.6436641e-01   2.6629951e-01  -1.1190706e+00  -6.3219265e-01  -3.0492979e-01   1.4239527e+00  -8.5957802e-02
   2.0000000e+00  -5.9113485e-01   1.3075571e-02  -1.1240654e+00  -2.2324375e+00   1.0169787e-01   7.3981985e-02  -7.5870794e-01  -4.4809482e-01   5.1126934e-02   1.1930729e+00
   2.0000000e+00   1.2933291e-01   1.1912387e+00   1.0071654e-01   5.2521283e-01   9.9420310e-01  -1.2245679e+00   4.1813964e-02   1.3719167e+00  -1.9726223e+00   5.9394603e-01
   1.0000000e+00   6.2035256e-01  -6.7323036e-01   6.2084491e-01  -7.2595723e-01  -3.4658670e-01   2.3041160e-01   7.2493868e-01   3.2409625e-01  -1.3037087e+00  -1.7924074e+00
   2.0000000e+00   1.3515916e+00   9.2671174e-01  -1.2276694e+00  -3.0615439e-01   8.0067491e-01   1.7034082e+00   1.4816942e-01  -1.2720321e+00  -1.6580186e+00  -2.0860288e-01
   2.0000000e+00  -1.1235369e+00   2.4927312e-01  -2.3228141e-01   1.3595789e+00   7.3016330e-01  -4.3247536e-01  -9.4575257e-01  -1.2651411e+00  -1.5183468e+00   9.3796384e-01
   2.0000000e+00  -1.5052368e-01   2.9504099e-01  -1.5580037e+00   1.0646576e+00  -1.4292325e+00   1.1870969e-01   3.6519340e-01  -3.0461065e-02   9.4566611e-01   5.4196310e-01
   2.0000000e+00   1.4660948e+00   1.6844411e+00  -2.5075673e+00   5.4643862e-01  -3.2063285e-01  -9.8638124e-02  -8.4838005e-01  -4.1365445e-01  -1.5252146e+00   2.1495764e-01
   2.0000000e+00  -1.0058188e-01   8.1640176e-01   1.1941770e+00   1.1164499e+00  -6.1795194e-01  -8.7023651e-01  -8.5759764e-01   1.5953329e+00   2.1021527e+00  -3.9115198e-01
   1.0000000e+00  -2.9609613e-01   1.3466349e+00  -2.9773078e-01   2.3743171e-01  -1.5802366e+00  -9.7210704e-01  -2.4261261e+00   7.4696818e-01   1.0725516e+00   9.2132414e-01
   2.0000000e+00  -7.3112478e-02   3.3648675e-01   2.1482881e+00   1.1361653e+00  -5.2299337e-01  -9.1469095e-01  -7.3637161e-01   8.6096911e-01  -3.7762405e-03   2.4283368e-01
   2.0000000e+00   3.6309935e-01   7.9161560e-01  -7.1192005e-01   7.5823648e-01  -7.8160603e-01   1.5785482e-01   1.4839261e+00  -3.4265420e-01  -1.1902416e-01   1.3687058e-01
   2.0000000e+00  -2.0476991e-01   1.3773796e+00  -1.6655879e-03   1.2128440e+00  -8.0954412e-01  -2.4192749e-01   5.0641475e-01   1.4263989e+00   3.3759611e-01  -2.2921336e-01
   2.0000000e+00  -9.1788914e-01  -2.4118153e+00  -7.8555964e-03  -3.0364586e-01   1.0085574e+00  -2.4522657e-01   8.6862587e-01  -1.8366549e-01  -8.0883200e-02   1.0502666e+00
   2.0000000e+00   1.9104126e+00   5.7973464e-01  -5.3984557e-01   7.4288234e-01   1.6435058e+00  -2.0933715e-01   8.6029055e-01  -4.5098482e-01  -8.5028897e-01   4.8315585e-01
   2.0000000e+00   2.2351992e+00   1.3449929e+00  -1.1926676e+00   1.8771281e+00   1.3274657e+00  -2.2383876e-01  -1.2187456e+00   3.9149787e-01   3.2046328e-01  -1.7540432e+00
   2.0000000e+00   3.4775457e-01   1.1703448e+00  -2.6088252e-01   6.1153685e-01  -2.8443454e-01   5.7539677e-01   8.4057280e-01  -1.4552374e-01  -8.0590201e-01   1.8748681e+00
   2.0000000e+00   4.8014033e-01  -1.0702420e+00   1.0530768e+00   6.1301388e-02   1.0714125e+00   1.8691108e-01   2.1384786e+00   6.2041198e-01   8.1219213e-01   1.9744101e-01
   2.0000000e+00  -9.3331494e-01   1.7664915e-01  -5.6548018e-01  -2.4486058e+00  -8.3734354e-01   9.7221625e-01   1.8785940e+00   2.1772274e+00   4.5265351e-01  -7.3533625e-01
   2.0000000e+00   3.2432413e-01   2.6258123e-01  -8.6133080e-01  -5.4141390e-01   5.1407315e-01   1.0003944e+00  -1.2132217e+00  -1.2573380e+00  -1.3846164e+00  -4.8016536e-01
   2.0000000e+00  -4.9257355e-01  -3.5217848e-02  -1.5405908e+00  -1.2816909e+00   3.7385089e-01  -8.0614752e-02   1.2283759e-01  -4.9945543e-01  -4.3979320e-01   5.1696913e-01
   2.0000000e+00  -7.3752016e-03   1.3432570e+00  -1.7863276e+00   1.1362616e+00   7.9382593e-01   1.2315698e+00  -3.9093942e-02   1.4697078e-01  -7.1799339e-01   1.7897285e+00
   2.0000000e+00   1.1409946e-01   1.6782849e+00  -7.7981826e-01  -2.2055310e-01  -1.0969318e-01  -1.1461898e+00  -8.4733387e-01   1.7879595e+00   7.1654389e-01  -5.3050935e-01
   1.0000000e+00   1.8095819e-01  -4.5747093e-01  -1.7738203e-01   5.2849432e-01   5.4042072e-01  -2.6868192e-01   7.8163571e-01   6.7832398e-01   3.4661640e-01  -5.5022187e-01
   2.0000000e+00  -1.1876035e+00  -1.9763065e+00  -1.6903940e+00  -1.5409839e-01   4.1165893e-01  -1.0653848e-01   1.6062316e+00   2.0593446e+00  -6.9242440e-01  -5.4948267e-01
   2.0000000e+00   2.3651844e+00  -6.6778464e-01   1.9192297e-01   4.2279621e-01   1.1089303e-01   2.6860700e-01   1.1519391e+00  -1.2558930e+00   3.7568882e-01   1.1762087e+00
   1.0000000e+00  -1.3719056e+00  -1.3311924e+00  -5.5293396e-01   1.4983319e+00   3.4651862e-01  -1.2654615e+00  -1.9366955e+00   6.0070442e-01  -4.9663233e-01   4.6057429e-01
   2.0000000e+00  -6.5090465e-01   6.4003918e-02   1.7192137e+00  -6.8988764e-01  -3.2275882e-01  -9.2824892e-01   3.3277614e-01  -3.6442721e-01  -2.9896919e-01  -6.6546818e-01
   2.0000000e+00   4.4339533e-01  -3.9492885e-01  -1.4425390e+00  -6.0879333e-01   2.0289637e-01   2.1355901e+00   6.1621482e-02   1.5587782e+00   9.8740366e-01  -1.2822977e+00
   2.0000000e+00  -2.6876307e-01   5.1648025e-01   5.8112359e-01  -1.3130727e+00   2.5470247e-01   2.3073214e+00  -9.0003359e-01   1.2099921e+00  -1.4595109e+00   1.0468101e+00
   2.0000000e+00  -5.3179131e-01   6.3780932e-01  -1.3975095e+00  -1.5240079e+00   1.3641168e+00   6.2300539e-01  -1.9228386e+00  -6.2143730e-01   1.8463404e+00   4.2278234e-01
   2.0000000e+00   1.6946422e-01   8.2051492e-03  -4.7312922e-01   5.8070982e-01  -8.5931063e-01  -1.8269765e-01  -5.6157881e-01  -3.1349717e-01  -1.7575169e-02  -7.3408821e-01
   2.0000000e+00  -1.1342992e+00  -3.2216678e-01  -3.4707397e-02   1.6298907e+00   8.0261386e-01  -6.4574904e-01   6.6114928e-02  -1.0649326e+00  -7.4265160e-01   1.0777244e+00
   2.0000000e+00  -5.2464226e-01   8.1770284e-01  -1.4761693e+00  -8.6381152e-01   9.2409614e-02  -6.1804946e-01  -9.8819056e-01   1.8929873e+00   2.9136305e+00  -8.4018196e-01
   2.0000000e+00   9.7966939e-01   3.7869344e-01  -2.2677077e+00  -2.6127359e+00  -9.8779921e-01  -1.7147027e+00  -2.0266089e-01   1.0644317e+00   3.1144751e-01  -1.5489095e+00
   2.0000000e+00  -3.9664365e-02   7.9910443e-01  -9.7041982e-01  -6.0142126e-01  -3.7505194e-01  -3.7150542e-01   1.3561089e+00   2.4994312e-01  -1.4162686e+00   9.4960467e-01
   2.0000000e+00   1.8508411e-01  -1.2423811e+00   1.6628270e+00   4.7431598e-01   2.3365515e-01   7.2596090e-02  -5.9105844e-01   6.0507010e-01  -1.6843721e-01   5.5397439e-01
   2.0000000e+00   6.4852874e-01   1.5440932e+00  -9.7359214e-01  -4.6103002e-01  -1.8011593e+00  -9.5585369e-02  -2.8387111e-01   5.9257460e-01  -3.1753408e-01  -4.9831400e-01
   2.0000000e+00  -2.4615051e-01  -6.8149722e-01  -1.1910603e+00  -8.7449266e-01   2.1176045e+00  -3.4496097e-01  -5.0602704e-01   1.2292966e+00  -9.5950811e-01   5.6814533e-01
   2.0000000e+00   9.6464252e-01   7.1130755e-01   5.2312238e-01  -1.4440405e+00   7.5529512e-01   2.9774607e-01   9.1871905e-01  -9.6158498e-01  -6.1616212e-01  -1.2035214e+00
   2.0000000e+00  -8.2871473e-02  -1.2526221e+00   1.4021619e+00  -1.8281053e+00   2.5129548e-01  -7.7392513e-01  -1.0613936e+00  -2.1559614e-01  -7.3727343e-01   3.5380851e-01
   2.0000000e+00  -1.9425168e-01   8.3100584e-01  -1.2774107e+00   1.2120237e+00  -1.6361529e+00  -2.1318125e-01   3.6946800e-01   1.0296944e+00  -1.0438043e+00  -3.8043488e-01
   1.0000000e+00  -3.6014639e-01  -2.5163211e-05  -8.8281277e-01  -3.5394447e-01   4.1290541e-01  -1.9003361e-01  -3.9904554e-01   2.6389466e-01  -6.0492864e-01  -1.4837178e-01
   2.0000000e+00   5.2713585e-01   6.7521915e-01   1.3372619e-01   4.0578087e-01  -3.7295661e-01  -9.8058048e-01   1.5282776e+00  -1.0904246e+00  -2.5644070e+00  -7.2068417e-01
