   2.0000000e+00   3.3857636e-01  -1.0484683e+00   6.7536878e-02   1.5511386e+00  -3.7454594e-01   1.0689056e+00   6.0295867e-01   1.1536931e+00   4.2982541e-01   7.3575328e-01
   2.0000000e+00   9.3429577e-01   4.0133366e-01   1.2643854e+00  -1.1935188e+00   5.9260313e-01  -6.5027691e-01  -7.0347567e-01  -1.3652666e+00   3.2550988e-01   1.0989802e+00
   2.0000000e+00  -3.5495891e-01   1.9894694e-01   7.3579941e-01   5.6885924e-01   6.0243679e-01  -2.1248324e+00  -1.8371824e-01   1.0296064e-02   1.9653027e-01  -6.8486322e-01
   1.0000000e+00  -7.6477669e-01  -1.2227385e-01  -1.1058413e+00  -9.4904815e-01   5.4435086e-01   5.6766623e-01  -1.8958182e-01   4.2264534e-01  -2.3498366e-01  -1.3864244e+00
   2.0000000e+00   1.6135031e+00   3.6961349e+00  -6.7435149e-01   6.0745087e-01   2.5861555e-01  -2.1426866e-01  -1.2932149e+00   5.8639212e-02  -7.0776363e-02  -4.5745803e-01
   1.0000000e+00  -1.6290580e+00   1.5801341e+00  -7.4745270e-01  -1.2197860e+00  -1.9043846e+00   7.5525535e-01  -2.2835276e-01  -3.2156549e-01  -1.1297491e-01  -7.3701595e-01
   2.0000000e+00  -7.7336514e-02   6.7989175e-01   2.1472343e-01  -1.0362342e+00   2.6015982e-01  -1.7982387e+00  -1.4594575e+00   7.0646245e-01   3.2589420e-01   7.6796145e-01
   2.0000000e+00  -1.1544548e+00  -3.7877425e-01  -1.0837377e+00  -7.3455559e-02   6.3050882e-01  -1.7225708e-01  -1.0637988e+00  -1.6623881e-01   2.8983702e-01  -7.9948673e-01
   2.0000000e+00  -8.3675803e-01   4.6339079e-01   2.0348350e+00  -1.7492200e+00  -4.7523875e-01   1.8306029e-01   2.7806149e+00  -7.5916855e-01  -1.2993589e+00   3.1424694e-01
   2.0000000e+00  -7.7831619e-01   6.8004255e-02  -5.9611529e-01  -1.2719892e+00   8.8731058e-01  -1.7706698e+00  -1.3943589e-01   1.8360347e+00   8.6902031e-01  -1.4503614e+00
   2.0000000e+00  -1.2964564e+00  -2.0951296e+00  -1.3859352e+00   1.3054253e+00  -1.7003038e+00  -1.7428307e+00   3.6430826e-01  -1.4233126e+00   4.5024483e-01  -9.4693090e-01
   1.0000000e+00   2.6178014e-01   2.3912845e-01  -1.0684641e+00  -9.1050575e-01   2.7584469e-01   9.3715507e-01   6.6758081e-01  -8.7204661e-01  -1.9723861e-01  -1.5510459e-01
   2.0000000e+00  -1.0528212e+00   1.7359020e-01  -6.2553072e-01  -6.8668750e-01  -5.5824327e-01  -4.4190441e-01   1.0437507e+00   1.0142868e+00  -3.8284722e-01   1.6921196e+00
   2.0000000e+00   1.5343601e-01  -1.0885434e-01   4.3209119e-01   1.8988583e-01   3.3484859e-01   1.2687039e+00   3.4091087e-01   1.0971444e-01   3.3804257e-01  -3.8878987e-01
   2.0000000e+00   1.1186310e+00   1.0892667e+00  -2.9054231e-01  -1.0224635e+00   1.1198453e+00  -9.8275466e-01  -2.1701380e+00  -9.4145189e-02  -3.0862385e-01   1.5834996e-01
   2.0000000e+00  -4.0891796e-01   6.0313959e-01   1.7662630e-01  -7.0291212e-01   4.6767589e-01   1.1599132e+00   3.0316446e-01  -9.3778258e-01   6.6276864e-01  -3.0663762e-01
   2.0000000e+00   1.4333659e-01  -7.3387063e-01   5.4875979e-01  -1.5816213e-01  -9.8323108e-01   9.7721753e-01   7.4162003e-01   4.4262524e-02  -1.7189344e+00   6.1028648e-01
   2.0000000e+00  -3.5447227e-01  -3.2742921e-01   6.6142080e-01   1.3085927e+00  -7.6987770e-01  -1.2542122e-01   1.2897849e-01  -4.2571757e-01  -5.4825622e-02   8.5239925e-01
   1.0000000e+00  -5.1970517e-01   1.7378133e+00  -1.3168323e+00  -2.7062138e-01  -7.3598880e-01   9.3960757e-01   4.5388544e-01   1.4086800e+00   3.5290033e-02  -2.9967290e-01
   2.0000000e+00   1.5645486e+00  -9.3053545e-01  -2.1943799e-01  -4.8354397e-01  -1.7414189e+00  -1.1485241e+00   6.9491899e-01   4.7696722e-01   5.6152997e-01   8.3106748e-01
   1.0000000e+00  -1.0752806e+00  -5.3503459e-01  -1.1084722e-01   2.9633202e-01   2.4010490e+00   1.0318786e-01  -1.1717502e+00  -2.4008841e-01   3.3136612e-01  -2.0872717e-01
   2.0000000e+00  -2.1971033e-01   6.7522256e-01  -1.9758183e-02   1.2948825e+00  -2.8696664e-01  -1.5271455e+00  -4.6169094e-01   1.0587822e-01   1.8932402e-01   1.2814090e-02
   2.0000000e+00   1.8147177e+00   2.2017717e+00  -5.2728277e-01   4.9795401e-01  -5.5329875e-01   4.3194279e-01  -7.5132567e-01  -4.2603226e-01   1.5301387e+00  -9.4000935e-01
   2.0000000e+00  -1.3230568e+00   1.0489635e-01  -2.7790132e-01   1.8071077e+00   1.3885564e-01   1.2345848e+00   9.0803109e-01  -1.0149806e+00  -4.1639406e-01   9.4096072e-01
   2.0000000e+00   2.2080733e+00  -1.0610583e+00   1.6236732e+00   2.9991540e-01   1.6902117e+00  -1.4736727e+00  -1.3673683e+00  -5.2047202e-02   9.8361791e-01  -5.3086477e-01
   2.0000000e+00   4.0162693e-03  -7.7129943e-01  -6.8080709e-01  -2.4505941e-01   3.6884119e-01   7.8548938e-01   2.1322995e-01   1.3541113e+00  -1.0125419e+00   1.0671141e+00
   2.0000000e+00   1.6285474e+00   3.1325844e-01  -8.0571093e-01   4.3029900e-01  -5.1080714e-01   1.6525331e+00  -7.4324273e-01   2.8004196e-01   3.5068526e-01  -2.3509342e+00
   2.0000000e+00   6.0618306e-01  -9.7618686e-01   3.7600227e-01  -9.0798962e-01   1.0458256e+00   8.1228129e-01  -2.8222354e-01  -1.0168987e+00  -1.3249009e+00  -6.0967342e-01
   2.0000000e+00  -9.7579947e-01  -3.4586271e-01   1.1758068e+00   8.9014832e-01  -1.9423984e-01  -1.1391132e-01  -3.0802565e+00  -4.2521476e-01   1.1878648e-01   5.2831060e-01
   2.0000000e+00  -1.2423043e+00  -5.3068891e-01  -6.0497008e-01   6.9673643e-01   7.9236026e-01   5.3144882e-01  -5.1523893e-01   2.2576356e+00   1.7028256e+00   1.8725873e+00
   2.0000000e+00   1.7239376e+00   1.0428786e+00   9.0450137e-01  -5.3939430e-01  -3.3529677e-01   4.5432193e-01   6.9013790e-01   9.4177084e-01  -1.1659682e+00  -9.3387789e-01
   2.0000000e+00  -8.9254121e-02   8.5190214e-01   3.1644691e-01   2.8992872e-01   2.4838896e-01  -4.2750158e-02   6.1950667e-01   7.7284905e-01   7.5700620e-01   2.6231077e-01
   2.0000000e+00  -1.1227630e+00  -1.9683121e-01   3.8517307e-01  -1.3114263e+00   6.9438620e-01  -1.1231250e+00   2.7747956e-01   5.2475323e-01   1.7304916e+00   1.5051925e-01
   2.0000000e+00  -1.1078553e+00  -1.1882800e+00   3.2540272e-01  -1.2847137e-01  -1.1689918e-01  -7.5019264e-01  -1.3869032e+00  -1.1364997e+00   5.4852229e-01  -1.8395692e-01
   2.0000000e+00  -4.7029466e-01  -1.3792704e+00   6.4607547e-01  -7.5384035e-01   2.7405112e+00  -5.6773604e-01   4.0834314e-02   4.4186924e-01  -6.3137067e-01  -1.6466312e+00
   2.0000000e+00  -9.9650316e-01   1.1291000e+00  -1.5067553e+00   8.7070775e-01   3.4216352e-01   1.5252850e+00  -9.8395755e-04   6.2427884e-01  -7.3929426e-01   7.5604484e-02
   2.0000000e+00   8.4396389e-01   2.9891817e-02   2.9183085e-01   6.7031927e-01  -9.4571034e-02   1.3246376e+00  -8.2081613e-01   9.5839590e-01   1.2248282e+00  -4.0228072e-01
   2.0000000e+00   2.1317925e-01  -1.6568423e+00  -1.2798941e+00   1.2219366e+00  -1.0105776e+00  -1.3576854e+00  -4.0597755e-02   1.4272350e+00   2.0027359e+00  -2.3828447e-01
   2.0000000e+00  -5.3507097e-01  -1.6248701e+00   3.6502021e-01   1.3549710e+00   9.0861392e-01  -9.1083412e-01   2.9218702e-01   1.3420372e+00   6.3253100e-01  -4.6735628e-01
   1.0000000e+00   9.6031379e-01  -1.6847295e+00   3.5483433e-01  -3.1208249e-01  -9.3265811e-01   3.4492144e-01  -1.4046671e+00   1.4842531e+00  -4.2719213e-01  -8.9377451e-01
   2.0000000e+00  -2.0948432e-01   7.2976982e-01   3.9218478e-01  -8.4113588e-01  -1.1902435e+00  -3.4728833e-01   4.0592015e-01   3.4509498e-01   8.1292036e-01   3.0396464e-01
   2.0000000e+00  -3.2261553e-01  -7.3203172e-01  -2.4654225e-01  -6.6511160e-01   4.9303520e-01  -5.2253391e-01  -5.4114290e-01  -5.3353925e-01   1.1863219e+00   5.5157121e-01
   2.0000000e+00   3.9325431e-01   9.4856184e-01   1.2097476e+00  -2.0770855e-01   1.5469213e+00  -3.9367614e-01   7.7528916e-01  -3.5992956e-01  -5.7976446e-01  -1.3901646e+00
   2.0000000e+00  -1.4157419e+00  -5.3130314e-01  -1.7352946e+00  -5.5536153e-01   3.2560182e-01  -9.9597710e-01   1.3125429e-01  -3.8308266e-01  -6.6587174e-01   1.3166709e+00
   2.0000000e+00   4.2562273e-01   6.0485649e-01   1.4100451e+00  -9.9202313e-01  -7.5606750e-01  -1.0987218e+00   1.0960678e+00   1.3828468e+00  -7.6111593e-02  -8.5249483e-02
   2.0000000e+00  -1.2611787e-01  -2.9620985e-01   6.2072643e-01   7.1729398e-01   6.4514085e-01  -2.6344546e-01  -8.9267561e-01   8.3598528e-01  -4.0990997e-01  -4.2560887e-01
   2.0000000e+00  -2.3169332e-01   1.2284284e+00  -3.7014755e-01   1.0782364e-01  -1.3668231e-01  -2.0581297e-01   7.6241407e-01   2.8918125e-01   1.1629120e+00   4.4529411e-01
   2.0000000e+00   7.1672725e-03   9.5870783e-01   1.5723540e+00   6.2537280e-01  -8.4731520e-01  -4.3170225e-01  -8.9692654e-01  -2.7825687e-01   1.2208399e+00   8.0685101e-01
   2.0000000e+00  -3.2771938e-01  -2.7024816e-01  -3.1759391e-01  -1.7356312e-02   3.3110721e+00   9.7968170e-01  -2.7895952e-01   9.9814274e-01  -8.7429150e-01  -4.3860255e-01
   1.0000000e+00  -2.0167008e-01  -1.6007625e-01   4.9830174e-02   2.7106738e-01   5.1688274e-01   3.0880004e-01   1.6252738e+00   4.9423154e-01   1.4484458e-01  -6.3254510e-01
   2.0000000e+00  -5.2326585e-01  -2.4797244e-01  -7.0292418e-01   1.4184722e-01  -8.0495351e-02  -9.9373183e-01   4.6899995e-01  -2.3571335e-01  -2.9038730e-01   3.9091035e-01
   2.0000000e+00  -1.4195286e-01   6.0901384e-01   1.4134838e+00   4.2898352e-01  -1.4705143e+00  -1.1172158e+00   1.1873961e+00  -1.0248552e-01  -1.4929225e+00  -5.1795389e-01
   2.0000000e+00   6.2219522e-01  -1.7133711e+00  -3.7398591e-01  -2.2198429e+00  -4.0128472e-01   9.1919955e-01  -9.2160044e-01   1.5548314e-01   1.0737417e+00   2.7606118e-01
   2.0000000e+00   2.1623790e-01   5.3257474e-01   1.4837085e+00  -1.9095982e-01  -1.8846183e+00  -4.2009379e-02  -8.5008184e-01  -6.8098064e-01  -7.9602190e-01   2.1686513e+00
   2.0000000e+00   1.1678542e+00  -7.8290692e-02   4.4702605e-01  -8.4006182e-01   7.2188939e-01  -1.6807670e+00   1.4083382e-01  -1.1237785e+00  -1.3856056e+00   8.1119572e-01
   1.0000000e+00   2.3992073e-01  -1.9431680e+00   1.2145312e-01   3.4354315e-01   7.5076836e-02   7.3059428e-01  -7.2465007e-01  -6.0415087e-01  -3.1052471e-01   1.7140137e-01
   2.0000000e+00  -8.4410546e-01   1.1606698e-01   1.1786727e-01   2.7220221e+00  -4.5455560e-01   4.4877690e-01   1.0216261e+00  -2.8016062e-01   1.3978517e-01   7.3073321e-01
   2.0000000e+00  -2.6002681e+00   1.5929304e+00   4.4659071e-01  -2.9001072e+00  -9.0866204e-01  -1.2845981e+00   4.5272673e-01   5.6385484e-01  -1.6338329e-02   9.2148136e-01
   2.0000000e+00  -3.9540538e-01  -3.3685432e-01  -2.9439513e-01   3.5701971e-01   2.3895699e+00  -3.1447928e-01  -1.0010308e+00   6.6980187e-01  -8.8402932e-01   8.2820519e-01
   1.0000000e+00  -1.9244088e-01   9.1364503e-01  -2.4313877e+00   1.0464645e-01  -9.2155935e-01   5.8048169e-01  -1.0188519e+00   7.4484576e-01  -1.1133221e-02  -7.2597522e-01
   2.0000000e+00  -9.4962718e-01  -1.9958271e+00   5.9821337e-02  -1.1251834e-01  -5.9742232e-01  -4.8494798e-01  -1.3168685e-01   8.7211003e-01   8.3652586e-01   2.0471740e-01
   2.0000000e+00   8.3783882e-01  -2.3102927e-01   3.0543052e-01   7.0302307e-01  -7.2236708e-01   1.2398550e-01  -2.2139822e-01   4.2631878e-01   1.4436134e+00   9.7500213e-01
   1.0000000e+00  -8.9042211e-01  -1.2157776e+00   7.4822411e-01   7.6089881e-01   2.4175328e-01   3.5294404e-01   1.3666689e+00   1.1198563e+00   2.6762806e-01  -3.6838637e-01
   1.0000000e+00   1.5167621e-01  -1.1935914e+00   3.2227737e-01   1.1970193e+00   1.2525092e+00   4.3911031e-02  -4.0474587e-01   2.0690277e-01   1.7994758e-01   6.4903839e-02
   2.0000000e+00   2.0561434e+00   6.3087287e-01   7.6392607e-01   9.5996798e-01  -3.2545293e-01   2.6848539e+00   1.6491177e-01  -1.6252178e-01   1.3719001e+00   1.3261457e-03
   2.0000000e+00  -2.2772758e-01  -4.0411452e-01   1.0304188e+00  -3.5040614e-01   8.6756338e-01  -4.0778119e-02   2.2807539e-01  -9.6042680e-01  -1.4338333e+00   7.5443154e-01
   2.0000000e+00   1.0828773e+00   8.7968319e-01   1.8576946e+00   6.0882007e-02  -1.4408420e+00   3.7507938e-01   8.5392954e-01   1.1609498e+00   2.1926835e+00   6.3240296e-01
   2.0000000e+00   1.3971546e+00   3.5623846e-01  -1.4635857e-02   1.8234258e-01   1.5372555e+00  -9.7671663e-01   4.5326385e-01  -1.1629268e-01  -1.6924826e+00  -1.8698519e-01
   2.0000000e+00  -8.0789192e-02  -1.7125775e+00   2.5503002e+00  -3.9265881e-02   2.1964062e+00  -1.5149325e+00   1.6627930e-01  -1.7816545e+00   1.0768882e-01   4.1643023e-01
   2.0000000e+00  -3.0117019e-01   3.4277502e-01   2.2019537e-01   1.4446041e+00   6.6236760e-01  -4.5149497e-01  -2.9689853e-01   1.3838061e+00   1.4593443e+00   1.7106751e+00
   2.0000000e+00   1.2901094e+00  -4.1705227e-01   5.7414934e-01  -2.1135437e+00   4.5066364e-01  -1.6379664e+00  -1.0597759e+00   1.2241291e+00   6.3764004e-02  -5.0466187e-01
   1.0000000e+00   8.6679558e-01   1.8687559e+00  -3.8643991e-01   5.7803994e-01   1.0196652e+00   8.5172599e-01   1.7157284e+00   5.6693818e-01  -8.9808024e-02   1.2137736e+00
   2.0000000e+00   1.3081459e+00  -5.6747623e-01  -3.6532353e-01   7.5810790e-01   1.5998885e+00   1.8222853e+00  -9.7635486e-01   9.8219001e-01  -1.1490466e+00  -4.2033540e-01
   1.0000000e+00  -8.2361812e-01  -5.0551256e-01  -6.9583819e-01  -1.0737775e+00   1.2607881e+00   3.6708617e-01  -2.2720176e-01  -3.5893939e-01  -1.9651809e-01   1.9810561e+00
   2.0000000e+00   3.2157412e-02  -2.1651652e+00   3.5558055e-01   3.2996961e-01  -2.2068071e-01   9.0802936e-01  -8.1207809e-01  -4.8787360e-01   4.8363020e-01  -1.2554604e+00
   2.0000000e+00  -6.7878016e-01  -2.4354408e-01  -1.3400517e+00  -1.6335224e-01  -1.5687703e+00  -4.9261867e-01  -1.4322845e+00   2.8298491e-01   1.7519247e-01   1.2427414e-01
   2.0000000e+00   3.2604473e-01  -6.3806217e-01  -6.7855330e-01   1.2873441e+00  -1.6398506e+00  -6.5021216e-01  -1.4754497e+00  -7.1468204e-01  -1.2423189e+00  -4.3458810e-01
   2.0000000e+00   6.8312072e-01  -8.0896683e-01  -3.0615549e-01  -1.3734077e+00  -5.0954618e-01  -1.4141399e-01  -7.9855901e-01  -6.7335621e-01  -2.3609568e+00  -2.0413356e+00
   2.0000000e+00  -2.3899448e+00   1.0823998e+00   6.8491933e-01  -1.0448021e+00   3.3808505e-01  -8.7230388e-01  -1.6960793e-01  -4.4702071e-01  -1.5198104e-01   2.1936553e-01
   2.0000000e+00  -5.9479528e-01   7.5826087e-01  -3.4576933e-01   1.7414488e+00  -1.2869119e+00  -5.8832342e-02  -1.5670457e+00   4.0166015e-01  -3.3303936e-01   7.2920759e-01
   2.0000000e+00   3.6978846e-01  -9.2851502e-01   2.2569826e-01  -9.5432191e-02   4.3855367e-01   1.4014741e+00  -8.9743593e-01   3.0849185e-01   1.4529889e+00  -1.7131287e-01
   2.0000000e+00   7.0468585e-01  -2.2902740e-01  -1.5251200e+00  -1.6795972e-01   4.7840443e-01  -3.0780072e-01   3.7641050e-01   2.1038528e+00  -1.3187313e+00  -9.2576459e-01
   2.0000000e+00   1.2768053e-01   1.0289578e+00  -3.2253993e-02  -8.9904064e-01  -1.3944758e+00   1.5531573e-01   5.0834188e-02  -5.7177018e-02  -2.2285435e+00  -1.2888603e+00
   1.0000000e+00  -1.1591977e-01   4.2864342e-02   1.2553848e-01  -1.2344458e+00  -1.5381405e+00   7.6231074e-01   9.8212852e-01  -5.9644881e-01  -4.5358455e-01  -8.1746503e-01
   2.0000000e+00   2.0359999e+00   2.0443895e-01  -6.5573948e-01  -1.3440055e+00   1.5588464e+00   1.0902178e+00   1.4607143e-01   4.8470730e-01  -5.3592866e-01   5.2755580e-02
   2.0000000e+00  -3.6183284e-01   1.8948984e-01  -1.7233848e+00   2.2914155e+00  -4.7182181e-01   2.6335668e+00   8.6501437e-02   1.5887654e+00  -3.8760751e-01   1.1816440e+00
   2.0000000e+00   6.3921292e-01  -7.0743102e-01  -1.5908337e+00   1.8365602e+00  -5.8573988e-01   5.9114074e-01  -6.8526652e-02  -3.5549513e-01   8.8470868e-01  -1.4117637e-01
   1.0000000e+00   7.6764108e-01  -5.9280525e-01   1.1498169e+00  -1.4932945e+00  -3.7050941e-01   1.0756506e-01   8.7336189e-01  -1.7239261e+00   8.3024160e-01  -1.0513843e+00
   2.0000000e+00   6.4977187e-01   1.5846912e+00   7.5242397e-01  -7.4106811e-01   2.3975795e+00  -1.5710132e+00   1.6319993e+00   7.8685975e-02  -9.3172080e-01   8.7920260e-01
   2.0000000e+00  -3.1568360e-03   2.5559861e-01   9.2981980e-01  -5.4325728e-01   7.1232555e-01   1.2517673e+00   5.7307171e-01   2.2232372e-02   2.2308396e-01   2.6317875e-01
   2.0000000e+00  -2.3996485e+00   6.8879381e-02  -1.2050494e+00  -1.4335078e+00   7.8209738e-01  -1.3665252e-01   1.6924205e+00  -1.3106458e+00   1.2059715e+00   2.5659920e+00
   1.0000000e+00  -3.3191513e-01  -1.5939852e+00  -1.3481651e-01   8.7589039e-01   8.2853098e-01   6.8185845e-01   4.5205671e-02  -2.4182390e+00   4.5916107e-01  -3.7317786e-01
   1.0000000e+00   8.1164590e-01   1.1146415e+00   4.8652392e-01   5.2671664e-01   3.5598495e-01   6.6257827e-01   1.8078888e+00   1.9037881e-01   3.6104994e-01  -7.9457463e-01
   2.0000000e+00  -1.8321896e+00  -2.9677061e-01  -5.9723099e-01   7.7917142e-01   1.9571105e+00  -1.5603281e+00  -8.5446021e-01   1.2622536e+00  -8.2891913e-01  -3.8070010e-01
   2.0000000e+00  -5.8684419e-01  -8.9625608e-01   1.3020636e+00  -3.5837330e+00  -8.8510512e-01   1.2466644e+00  -1.3437033e+00   8.2112007e-01   1.0479469e+00   4.2685820e-03
   2.0000000e+00   5.1792351e-01   1.7686300e+00  -1.5916052e-01   3.7292571e-01   5.0137274e-01  -1.6187335e+00  -3.6736726e-01   5.1070834e-01  -2.0829395e+00   8.1112288e-01
   2.0000000e+00  -3.1287928e-01   1.6358145e+00   1.8383225e+00  -9.7974982e-01   7.4552868e-02   1.3831900e+00   1.1663937e+00   6.0053304e-01   1.1193535e+00   1.0211710e+00
   1.0000000e+00   1.4060642e+00  -8.1934408e-01   1.0815084e+00  -9.5043794e-02  -1.6369494e+00   1.2779539e-01  -6.4185486e-01   4.6819720e-01  -3.2684800e-01   1.0011847e-01
   2.0000000e+00  -4.0250125e-01   1.0739526e+00   6.0651691e-01   8.1683257e-01   9.6940904e-01   1.5681886e+00   9.4955329e-02   5.7342971e-01  -8.8832225e-01   1.2846196e+00
   2.0000000e+00   8.3375261e-01  -2.9762839e-01  -9.4752956e-02   1.0719330e-01  -1.0161271e+00  -2.6839741e-01   2.0332197e-01   1.0376144e+00  -9.4673757e-01  -4.1165154e-01
   2.0000000e+00  -2.2754037e-01   3.3663248e-01   1.8501605e+00  -3.1295875e-01   2.8795728e-01  -8.6403169e-01  -1.1793771e+00   1.0077850e+00  -2.5467118e+00   6.8912628e-01
   2.0000000e+00  -1.5830105e-01  -9.9940013e-02  -2.2755383e-02   1.1011472e+00   1.0386247e+00   3.7225978e-01   2.4039769e-01   1.5330712e+00  -1.3378853e+00   1.5155901e+00
   2.0000000e+00  -1.2950168e+00  -7.9860199e-01   1.0952106e+00   2.0344770e-01  -1.0554033e+00   2.6911089e-01  -8.7486606e-01  -8.0128587e-01  -1.5334726e+00  -9.4888338e-01
   2.0000000e+00  -1.0716113e-01   7.3034114e-02  -1.9617898e+00  -1.3181479e-02   7.8285705e-01   1.8457598e-01   1.7129398e-01   2.2473585e-01   2.4842201e+00  -1.1429158e+00
   2.0000000e+00   1.3617840e+00   1.2326476e+00   9.8905199e-01  -1.9156704e-01  -5.4881544e-01   2.3307190e-01  -2.3572202e-01   3.7167102e-02   1.7435762e+00   7.5620014e-01
   1.0000000e+00   5.9587396e-01   2.0757240e+00   1.4398247e-01  -1.3522538e-01  -8.4676114e-01   5.5011316e-01   5.4737235e-02  -9.8167267e-01   6.0164160e-01  -1.0290869e+00
   2.0000000e+00  -1.2096042e+00   2.2223632e+00  -2.0817276e+00   1.1429516e-01  -6.5910017e-01  -4.2184370e-01   8.5033117e-01   5.5817858e-01   9.1367455e-01  -3.5290965e-02
   2.0000000e+00   7.2537174e-02  -7.6496966e-01   5.2127674e-01  -2.5667917e-01   9.5857094e-01  -1.0165166e+00  -1.2783648e+00   4.7175778e-01   2.8808387e-01   5.4689314e-01
   2.0000000e+00  -1.3334973e-01  -2.1691943e-01  -6.7445695e-01   5.0573001e-01  -1.9389382e+00  -9.5034308e-02   1.6834410e-01   1.1318016e+00  -1.4868302e+00   8.6885616e-01
   1.0000000e+00  -1.4126998e-01  -1.3924982e+00   5.2485651e-01  -6.5681371e-01  -1.4805666e-01   2.0641700e-01   8.6307225e-01  -2.4651367e+00   4.2568932e-01  -2.4212924e-01
   2.0000000e+00   6.3356143e-01   7.7043509e-01  -1.0899533e+00  -4.6816723e-01   2.3381106e-01  -1.4661553e+00  -2.0003178e-01   1.8365741e+00  -4.8253529e-02  -6.8711680e-01
   1.0000000e+00  -1.5544341e+00  -7.7704703e-01   1.5194957e-01   6.4540779e-01   1.5046605e+00   4.0119152e-01  -4.3838254e-01   2.6973694e+00   5.9556368e-01   2.2407482e-01
   2.0000000e+00   5.1692585e-02  -1.5227707e+00   2.8482809e-02  -9.9224996e-01  -7.7001308e-01  -1.5727336e-01  -3.9322547e-01   5.8227364e-01   1.2527865e+00   1.6147613e+00
   2.0000000e+00  -5.1340273e-01   6.9055833e-01   9.8098418e-01  -9.9718888e-01   7.1938022e-01   1.9599106e-01   1.4099457e+00  -2.8032441e-01   1.3363465e+00  -5.8951809e-01
   2.0000000e+00   3.8772683e-01   5.9001691e-02   2.6654481e-01   7.2880367e-01   1.3129076e+00  -4.7752761e-02  -1.5680861e+00   9.4735003e-01   2.2056787e-01  -1.0262062e-02
   2.0000000e+00  -7.9328698e-01   1.6885237e+00  -5.3783035e-01  -8.5568338e-01   1.0947095e+00   2.3921967e+00  -8.7441411e-01  -1.7189695e+00   1.8628707e+00  -1.0125939e+00
   2.0000000e+00  -7.1237075e-01  -1.2490894e+00  -2.5976595e-01  -1.6826908e+00   2.4132980e+00  -2.5293158e-01   1.1286642e+00  -1.5761151e-01  -1.0062911e-01  -4.5987002e-01
   2.0000000e+00   3.1861105e-02  -1.4897849e+00   2.4434528e+00  -1.0855019e+00   2.7947513e-01  -1.5481650e+00   1.2158660e+00  -5.8394589e-01  -7.8134542e-01  -7.7060089e-01
   2.0000000e+00  -9.9450216e-01  -5.5087864e-01  -2.3852078e-01  -7.4541726e-01   1.9275939e-02  -6.7515512e-01  -9.3625945e-01   8.6326510e-01  -6.1246901e-01  -5.3997834e-01
   2.0000000e+00   2.2566195e-02  -3.4755592e-01  -1.0822352e+00  -9.9032655e-01   6.2513162e-01  -9.7337545e-01  -2.0796096e+00  -1.6853054e+00  -4.1539235e-01   7.9548983e-01
   2.0000000e+00  -5.1048263e-01   5.6909857e-02   8.5138973e-01   1.2282863e+00  -1.7389028e+00  -7.9447271e-01  -2.7784265e-01   3.4186683e-01  -8.5007493e-01   2.3104964e+00
   1.0000000e+00   3.0581475e-01  -1.7036109e+00   2.3108066e+00  -1.4667694e+00  -9.7566223e-01   7.6848467e-01  -6.6831279e-01   4.9702227e-02  -1.5138184e-01  -1.4666496e-01
   2.0000000e+00  -1.8505582e+00  -1.3528452e-01   7.4764335e-01   8.8563535e-01  -5.2886561e-01   1.8052379e+00  -1.4532075e+00  -8.3002344e-02  -4.5895494e-01  -4.0142304e-02
   2.0000000e+00   5.3489496e-01  -1.0473904e+00  -2.5479456e-01  -9.2070514e-01   4.7233554e-01  -8.0822012e-01   4.9997223e-01  -6.7773538e-01  -2.3002903e-01   8.8342804e-01
   2.0000000e+00  -1.9488620e+00   7.3095616e-01   8.5840738e-01   1.4632239e-01   1.5857035e-01  -8.6271008e-02  -4.7417669e-01   1.0484242e+00  -7.9807994e-01   3.1169371e-01
   1.0000000e+00  -4.6831547e-01  -5.3966023e-01   1.3815020e+00  -1.1315664e+00   2.7573663e-01   8.5354216e-01  -5.6846246e-01  -5.9814642e-01  -8.9527827e-02  -4.4992586e-02
   2.0000000e+00   1.8296168e+00  -1.7048719e+00   6.4318357e-01  -3.6226464e-01   9.1665749e-01  -2.0124635e-01   1.6089010e+00   7.4891137e-01   5.3406114e-01  -2.0229763e+00
   2.0000000e+00  -1.3946966e+00  -2.0679113e-01   6.8827804e-01   8.2738050e-01  -1.2596951e+00  -1.2559515e+00  -8.9179392e-03   5.2451534e-01   8.0205620e-01   7.1906235e-02
   2.0000000e+00  -2.1570480e-01  -7.4715564e-01   1.3371016e+00  -4.1295879e-01  -1.7497434e+00  -1.2240104e+00   1.2281624e+00  -1.2737364e-01   1.2226965e+00  -1.8175400e+00
   2.0000000e+00  -1.9835484e+00  -1.3544358e-02  -4.3434528e-01   8.5171084e-01  -6.0370139e-01  -9.5623127e-02  -1.6094742e-01  -1.7161666e-01   1.0490928e+00   1.1490071e+00
   2.0000000e+00  -4.7473162e-01  -1.3685776e+00  -2.7239631e-01  -7.8368073e-01  -4.2429485e-01   1.4847925e+00  -1.7780563e-01   6.1843927e-01   1.0296114e+00   3.9435010e-01
   1.0000000e+00  -7.8369473e-01  -2.0142812e+00   2.2430657e+00   3.3260512e-01   1.4250966e+00   2.1905189e-01   1.8101283e-01  -1.2084150e+00  -1.6974460e-01  -6.1754737e-01
   2.0000000e+00  -1.1008872e+00  -2.9640699e-01  -1.0264196e+00   5.7636462e-01  -1.5512739e+00  -7.4726387e-01   2.9186073e+00   2.3761230e-01   1.7481071e+00  -1.1220455e-01
   1.0000000e+00  -6.9396424e-01   3.1449370e-01   6.9363942e-01   1.4278757e+00   1.4658907e-01   1.6262685e-02   7.7070337e-01  -8.9683564e-01   4.4632528e-01  -8.3453501e-01
   1.0000000e+00  -1.9071162e-01  -1.1749650e-01  -1.2798272e+00  -8.4000104e-01   4.3916680e-01   1.2184329e-01   1.8969651e-01   1.3585896e-01  -3.5345462e-02   7.5129974e-01
   2.0000000e+00  -4.1538268e-01   1.7226950e+00   6.2207085e-01   3.3748631e-01  -2.7854590e+00  -4.6726566e-01  -5.7752185e-01   8.0946896e-02   1.2725920e+00   6.6799185e-02
   1.0000000e+00   6.0723416e-01  -6.3042847e-01  -1.7284111e+00  -2.8557157e-01  -2.6170665e-01   5.4865682e-01   2.6235066e+00   9.7421671e-01  -6.4632427e-01  -5.3499211e-01
   2.0000000e+00  -5.6686008e-01   4.3194166e-01   2.6482337e+00  -3.1709701e-03  -1.7446283e-01  -1.2668758e+00   5.0607583e-01   1.9147743e+00   1.3793423e+00  -3.0193064e-01
   2.0000000e+00  -3.7791267e-01   1.1739994e-01  -1.1181055e+00  -4.4529130e-01  -1.0622655e+00   1.6007310e+00   4.0485375e-01   7.9241404e-01   1.5232693e+00   1.2113296e+00
   1.0000000e+00  -9.8401397e-01  -6.2094855e-01  -1.0495156e+00   9.7138046e-01   1.9235298e+00   3.5565095e-02  -1.0748291e+00  -1.5879954e+00   5.3104583e-01   9.0442838e-02
   1.0000000e+00   5.9614717e-01   4.9611599e-01   7.6047853e-01  -5.9320277e-01   1.5237353e+00   3.2024711e-02  -3.8484261e-01  -3.5601088e-02  -6.1543227e-02  -2.6495108e-01
   2.0000000e+00  -1.1584437e+00  -4.1808022e-01  -2.5971251e-02  -7.2034140e-02   8.0794093e-01  -5.8918397e-01  -1.8120204e+00  -2.5793248e-01   8.8406506e-01   1.8873175e+00
   1.0000000e+00   4.8393004e-01  -1.1856295e+00   1.3175859e+00   7.1777644e-01   2.5170663e+00   5.0479370e-01   3.6347711e-01  -1.6837180e-01   2.3859773e-01  -1.1867333e-01
   2.0000000e+00  -8.3295522e-01   3.7801823e-01  -9.7669551e-01   5.1676347e-01  -2.7278853e-01  -1.8273387e-01   1.7846703e+00  -6.5294106e-01  -1.0767642e+00  -1.2039715e-01
   1.0000000e+00   1.6535196e-01  -3.4346793e-01   5.7880596e-01   7.6712336e-01  -5.8767602e-01   9.6424332e-02   8.1255051e-01  -8.1461940e-01   5.3537696e-01  -2.1703264e-01
   2.0000000e+00   1.0526313e+00  -1.3607257e+00   4.3565281e-02  -2.3657093e-01   5.9720852e-01  -4.9889075e-01  -8.6847857e-01  -1.0204877e+00   1.5614598e+00  -1.3842953e+00
   1.0000000e+00   5.0842837e-01  -8.9265034e-01   3.9268135e-01  -6.6400799e-01  -1.1212665e+00   3.2906417e-01  -2.0078270e-01   4.6873687e-01  -3.5437091e-01  -5.2188528e-01
   2.0000000e+00   3.7695678e-01  -1.5820626e-01   2.0081686e-01  -1.8980252e+00  -1.9294799e+00   9.3577698e-01   1.0229944e+00   3.4692518e-01   1.4487737e+00  -1.7596277e+00
   2.0000000e+00   1.6853914e-01   8.9624991e-01   1.4444674e+00  -5.1999526e-01  -2.4073325e-01  -7.8981348e-01   1.6922123e+00  -4.5637195e-01  -1.0061825e+00   3.4453616e-01
   2.0000000e+00   2.0757232e+00   9.1042364e-01   1.1770579e+00  -7.7346222e-01   2.7642511e+00   2.7948426e+00  -5.2537385e-02  -4.8940658e-01   1.1681885e+00   1.4616417e+00
   2.0000000e+00  -3.9182063e-01  -1.2044700e+00   1.0665562e+00  -1.1820991e+00  -2.9013239e-01   4.7642856e-01  -1.9219029e+00  -4.3395935e-01  -1.6456271e+00  -8.0069212e-01
   2.0000000e+00  -4.7237244e-01  -5.5006256e-01   1.4655737e+00   1.8377903e+00  -1.1988175e+00  -6.3679663e-01   6.3431500e-01  -1.3476643e+00  -1.3622281e+00   1.6962795e-01
   2.0000000e+00  -3.4033974e-01  -1.3324622e+00  -4.1978164e-01   2.5902979e-01   6.0834752e-02   7.7166612e-01   2.2581179e+00   1.4080582e+00  -9.7332996e-01  -4.6856298e-02
   2.0000000e+00  -3.4977469e-02  -5.1466157e-01  -1.0066449e+00  -8.1984353e-01  -3.1080700e-01  -1.0379220e+00   7.7647314e-01   1.1673459e+00   7.5292925e-01  -6.8535527e-01
   1.0000000e+00   2.4364843e-01   2.5973702e-01   2.2119325e+00   2.0014048e-01   9.3491736e-01   3.3980950e-01  -4.4521081e-02  -3.0000954e-01   1.1415518e-01  -9.6845567e-02
   2.0000000e+00  -4.7795545e-01   8.5785224e-01   1.0190361e+00  -1.3868122e-03   5.9581137e-01  -7.6303356e-01   8.7682078e-01  -9.2415663e-01  -1.7552559e+00   9.6565561e-01
   2.0000000e+00  -1.6944169e+00   1.4136854e+00   1.1063027e+00  -7.8572004e-01   5.0663305e-01  -1.2082388e-01   1.6227987e+00  -2.7078292e-01   5.3641152e-01   1.3614705e-01
   1.0000000e+00  -3.2004523e-01   4.6553549e-01  -1.9660778e-01   1.7414250e-03  -1.2999590e+00   1.9652802e-01   5.4295916e-01   5.2422970e-01  -7.1838437e-01   5.9776102e-01
   2.0000000e+00  -9.9654810e-01   1.8282719e-01  -9.6353220e-01   7.2100141e-01   1.6329427e+00   1.3083736e+00  -1.0804046e+00   1.1579862e+00  -1.7716748e+00   5.5395381e-02
   2.0000000e+00   1.3898381e+00  -2.0702020e+00  -5.3809152e-01  -2.5853862e-01   6.3240231e-01  -8.3852614e-01  -8.6177819e-01   9.4473084e-01   1.6786331e-01  -1.3797416e+00
   2.0000000e+00   9.5636507e-01  -3.5747013e-01   1.1334583e+00  -5.5199682e-02   8.1486228e-01  -6.2694077e-01   2.8866747e-01  -8.4775556e-02  -1.5916864e+00  -1.3225712e+00
   1.0000000e+00   3.7802572e-01   1.0477592e+00   1.3273994e+00  -8.6656049e-01  -1.2935010e+00   5.2427619e-01  -1.0576465e+00  -8.6716360e-01   4.2094092e-02  -7.4835570e-01
   2.0000000e+00   5.5459985e-01  -6.6592414e-01   6.3523153e-01   1.2586972e+00  -1.7401584e-02  -2.3237029e-02  -8.5976120e-01  -8.1092340e-01   1.5006681e-01   3.2287972e-01
   2.0000000e+00  -7.8137458e-01  -2.3014359e-01  -1.2746369e+00   1.7448672e-01  -4.3931100e-02   1.8795767e+00   8.4152537e-01  -7.7938105e-01   4.0516538e-01   9.4268101e-01
   1.0000000e+00   1.3834906e+00   7.3394606e-02   1.0209149e+00  -1.3374510e-01  -2.3110065e-01   5.9973006e-01   1.5834516e+00   6.9328287e-01  -2.0263278e-01  -1.0006809e+00
   2.0000000e+00  -7.1726422e-02   2.2813031e-01  -1.6667439e-01  -1.4062036e-01  -2.0206880e+00  -6.1994396e-01   4.9318129e-01   9.3034207e-01   3.0407420e-01  -8.1676775e-01
   2.0000000e+00  -1.4836988e-01   7.9241428e-01   5.6934045e-01   2.5475931e-01  -3.2542569e-01  -1.4680431e+00   1.5020878e+00   4.4429453e-03   1.9476919e+00  -6.4816567e-01
   2.0000000e+00   1.0115284e+00  -4.6416445e-01   1.3318894e+00  -2.2662002e-01   5.9918026e-02  -5.2518507e-01  -4.2824175e-01   7.6046294e-02  -5.6188389e-01   1.0835384e+00
   2.0000000e+00   1.1911074e+00  -3.3626215e-01  -4.5705975e-01   7.2989202e-01  -2.6279685e-01   2.9830482e-01   1.2168722e+00  -6.5203305e-02  -1.3566677e+00  -2.8921635e-01
   2.0000000e+00   1.8672832e+00   2.1057064e+00  -2.7232195e-01  -2.7923330e-01  -1.3844698e+00   1.8810173e-01  -7.7281679e-01   1.8124180e+00   1.7571496e+00  -1.6345588e-01
   1.0000000e+00  -4.4918642e-01  -5.6231537e-01   4.8758197e-01  -1.7465137e-01   9.5589745e-01   2.5075035e-01  -5.1819706e-01   3.6189271e-02   3.9047907e-01   1.2298934e+00
   2.0000000e+00   5.3126834e-01   2.3702705e-01  -2.0640767e+00  -7.3310959e-01   6.4974412e-01  -1.3078492e+00   5.6644056e-01   1.1852079e+00   3.8601458e-01  -6.3366865e-01
   2.0000000e+00   4.4244872e-01  -1.7330776e+00   9.7933020e-01  -1.7031460e+00  -2.3317978e+00  -3.1705329e-01  -1.9308109e+00   1.9444777e-01   1.0952390e+00  -9.9904219e-01
   2.0000000e+00  -4.7317130e-01   5.0521471e-01   6.9478730e-01   8.0446254e-02   9.5852975e-01   1.7847042e+00   1.0697867e+00   1.0754307e+00  -2.4159850e-01   4.6631624e-02
   2.0000000e+00  -3.6058992e-02   4.7772992e-01   9.2078343e-01  -1.0561686e+00   7.0172692e-01  -1.4951575e+00  -1.2083335e+00   5.6007013e-01   8.7385494e-01   8.1724722e-02
   2.0000000e+00  -2.2047310e-01   5.0077462e-01   1.9841291e+00  -9.9938847e-01  -7.3953283e-01  -2.9100721e-01   2.0793291e-01  -9.8768115e-01  -6.5572926e-01   2.5049998e-01
   2.0000000e+00   5.4962285e-01   5.7667886e-01   8.6306657e-01  -9.3787304e-01  -4.7953459e-02   1.1873968e+00  -3.0735190e-01  -2.1249873e+00  -9.6691179e-01  -3.8309127e-01
   2.0000000e+00   1.0955495e+00  -1.3201107e+00   2.3457978e-01  -7.1222763e-02  -2.6141189e-01  -4.6006007e-01   6.5041158e-03  -8.5640283e-01   4.8507229e-01   3.9234624e-01
   2.0000000e+00  -1.1571620e+00  -8.6145060e-01  -1.4151439e-01   5.9382643e-01  -7.1476872e-01  -2.3402775e+00   9.6467942e-02  -4.1359353e-01  -4.7413580e-01   8.7743686e-01
   2.0000000e+00  -9.0913574e-01   2.5910887e-01  -9.1114085e-01   3.5955616e-01   1.2881244e+00  -4.3881853e-02  -7.0650820e-01  -1.1835958e+00  -6.8440477e-01   1.0109632e+00
   1.0000000e+00   6.6794464e-01  -1.1663669e+00  -7.5444939e-01   4.7936682e-01   5.5559937e-02   3.3586609e-01   6.1286691e-01   6.1791903e-01  -8.6866846e-01   5.2344448e-01
   2.0000000e+00  -9.2005832e-02   1.5299785e+00   1.2063220e+00   5.2210237e-01   9.6991707e-01   8.6905349e-01   1.0512864e+00  -4.2988651e-01   9.0949167e-01  -8.7455736e-01
   2.0000000e+00  -5.8365116e-01  -1.7344239e-01   1.8364166e-01  -8.5801331e-01  -1.5429528e+00  -4.5960618e-02   2.3321672e-01  -1.7079743e+00  -1.3582144e-01   9.1242458e-01
   2.0000000e+00   1.0466798e+00   3.2013173e-01  -7.3929189e-01  -3.2700169e-01   1.4091268e+00  -7.1729784e-01   5.3973890e-01  -1.0647040e+00  -1.7566840e+00  -9.5089278e-01
   2.0000000e+00  -6.3743391e-03   2.0711528e-01  -1.4242094e+00   7.6054344e-01   7.9689530e-01  -1.1185787e+00   9.3835080e-01   5.7850241e-01   8.3221609e-01   2.3780646e+00
   2.0000000e+00   3.8154447e-01   2.6708493e-01  -1.6769957e-01   1.4008534e-01  -1.2116047e+00   6.3901952e-01  -1.3053242e-01  -6.5051605e-02   1.8134392e+00  -4.2558036e-01
   2.0000000e+00  -1.7929886e-02   5.6629768e-01   4.2281428e-01  -2.3318453e-01  -1.1873509e-01  -5.4781065e-01   2.5960755e-01   1.6628120e+00  -1.2824664e+00  -9.0738245e-01
   1.0000000e+00   1.1903559e+00   5.7218160e-01  -8.7191011e-01  -1.1757103e+00   4.1132087e-01   6.4147198e-02  -3.1549750e-01  -1.9070600e-02   2.5303188e-01  -4.6926464e-01
   2.0000000e+00   1.2950115e+00   7.4846799e-01   2.3003463e-01   7.7069819e-01  -5.4177014e-01  -2.4359093e+00   6.7772990e-01  -5.7756613e-01  -1.6076597e+00   1.5068919e+00
   2.0000000e+00   3.2808307e-01  -5.1514469e-01  -1.8898537e+00  -1.5662712e+00  -1.0581600e+00  -1.0094214e+00   1.3674123e+00  -9.7835230e-01  -7.0547877e-01  -3.7985057e-01
   2.0000000e+00   2.2700900e-01  -2.4195109e-01  -4.7619262e-01   3.4858293e-01   4.7955129e-01   8.5663484e-01   1.0340790e-01   8.0176233e-02  -1.1408947e+00  -9.0307466e-01
   2.0000000e+00  -8.5862517e-01  -6.2824972e-01  -1.7918448e+00  -4.5390089e-01   2.1786175e-01   1.4509788e+00   7.0762743e-01  -2.9871623e+00   1.3691828e+00  -4.4932485e-01
   2.0000000e+00  -8.9611473e-01   1.5478527e+00   9.2396408e-01   1.6134500e+00   9.2736339e-01   2.4466652e-01   5.3830168e-01  -1.0298260e+00   1.4150943e+00  -1.9410206e+00
   2.0000000e+00   4.2085700e-01  -3.9389306e-01   1.5863642e+00   7.1360635e-01  -6.3477686e-01  -1.2433351e+00   1.2303793e-01  -1.1510499e+00   1.4468811e+00  -4.9318161e-01
   2.0000000e+00   1.4314375e-01  -3.7212122e-01   1.0609235e+00   1.0742397e+00  -8.5170262e-01   8.5415382e-01  -1.1712045e+00   8.8440502e-01   1.9468006e+00   7.1834475e-01
   2.0000000e+00  -1.6223230e+00   4.7655351e-01  -9.0811897e-01  -6.2021486e-01  -9.9940489e-01  -1.3238096e+00   2.5975341e-02  -1.0777781e+00  -2.9004816e-01  -7.8100587e-01
   2.0000000e+00   3.1227516e-01  -6.1796656e-01  -2.7774718e-01   2.0699007e+00  -3.7181969e-01  -6.1206866e-02   8.4557849e-01  -6.9194919e-01   5.4441818e-01  -6.6130241e-01
   2.0000000e+00  -4.1046565e-01  -1.6633062e-01  -5.2350292e-01   5.4068433e-02   1.3843652e+00  -6.9041045e-01   4.6262204e-01  -4.1044455e-01   8.0656312e-01  -1.6739391e+00
   2.0000000e+00  -1.1536927e+00  -1.0518958e+00   1.6456921e-01  -1.5645563e+00   1.4252646e+00  -6.7797151e-01   1.1439063e+00   8.1121044e-02   7.9340005e-01   9.6908399e-01
   2.0000000e+00  -4.7382681e-01  -1.3619400e+00   4.1737956e-01  -9.2095242e-01  -6.2480675e-01   1.5975108e+00  -7.9677419e-01   1.3493859e+00   1.8083906e-01  -5.5852607e-01
